0,1,2
1.0,0.9999999999999963,0.0
1.0,0.9913850875968122,4.633333333333334
0.9615384615384616,0.9732676399506006,8.266666666666667
0.923076923076923,0.9574953699280552,10.333333333333334
0.923076923076923,0.8674880952010705,18.4
0.882943143812709,0.8479804938552422,20.0
0.882943143812709,0.8479804938552422,20.5
0.84089823220258,0.8479804938552422,22.266666666666666
0.84089823220258,0.8479804938552422,22.4
0.84089823220258,0.8479804938552422,24.7
0.84089823220258,0.8379006318153445,27.36666666666667
0.84089823220258,0.8379006318153445,29.13333333333333
0.84089823220258,0.8379006318153445,31.43333333333333
0.84089823220258,0.8379006318153445,32.4
0.7808340727595385,0.8130223246988726,34.7
0.7808340727595385,0.8130223246988726,36.766666666666666
0.7808340727595385,0.8001320666984777,45.9
0.7808340727595385,0.8001320666984777,50.23333333333333
0.7808340727595385,0.8001320666984777,54.16666666666666
0.7808340727595385,0.8001320666984777,55.4
0.7808340727595385,0.8001320666984777,55.5
0.7808340727595385,0.8001320666984777,56.4
0.7808340727595385,0.776508236543617,57.73333333333333
0.7808340727595385,0.776508236543617,62.96666666666667
0.7808340727595385,0.776508236543617,66.2
0.7808340727595385,0.776508236543617,69.1
0.7808340727595385,0.776508236543617,117.73333333333332
0.7808340727595385,0.776508236543617,145.76666666666668
